%YAML:1.0
---
K: !!opencv-matrix
   rows: 3
   cols: 3
   dt: d
   data: [ 3.9365378761375484e+02, 0., 3.4099458522820595e+02, 0.,
       4.0154912409079731e+02, 3.3070841572532208e+02, 0., 0., 1. ]
D: !!opencv-matrix
   rows: 1
   cols: 5
   dt: d
   data: [ 3.2736935386032534e-01, -1.1208355922901847e+00,
       -1.7917894695682905e-03, 3.6648700039561108e-03,
       1.5498977750742020e+00 ]
